1 159 
2 134.682 
3 142.467 
4 163.153 
5 192.154 
6 149.543 
7 207.569 
8 145.642 
9 186.722 
10 134.011 
11 147.168 
12 158.971 
13 179.111 
14 225.413 
15 178.022 
16 164.699 
17 191.046 
18 145.055 
19 176.353 
20 192.248 
21 172.872 
22 177.384 
23 187.933 
24 195.57 
25 231.093 
26 240.864 
27 206.148 
28 150.46 
29 198.974 
30 174.421 
31 162.313 
32 211.153 
33 206.298 
34 188.677 
35 184.612 
36 171.648 
37 146.442 
38 153.267 
39 166.751 
40 188.587 
41 205.81 
42 208.303 
43 168.908 
44 223.232 
45 216.728 
46 245.969 
47 192.983 
48 207.817 
49 194.562 
50 229.718 
51 240.902 
52 225.752 
53 289.152 
54 209.596 
55 226.8 
56 161.963 
57 201.999 
58 166.118 
59 216.034 
60 33.8401 
61 202.52 
62 197.208 
63 218.747 
64 250.025 
65 267.595 
66 237.787 
67 211.593 
68 232.926 
69 207.803 
70 204.081 
71 192.328 
72 179.631 
73 231.206 
74 252.467 
75 240.664 
76 235.777 
77 237.551 
78 222.657 
79 290.818 
80 233.956 
81 202.141 
82 233.681 
83 227.351 
84 240.662 
85 234.28 
86 222.804 
87 199.257 
88 235.65 
89 206.472 
90 247.369 
91 275.939 
92 317.103 
93 267.28 
94 265.279 
95 283.919 
96 267.78 
97 292.581 
98 252.888 
99 262.592 
100 241.932 
