1 161 
2 162 
3 163 
4 164 
5 165 
6 166 
7 167 
8 168 
9 169 
10 170 
11 171 
12 172 
13 173 
14 174 
15 175 
16 176 
17 177 
18 178 
19 179 
20 180 
21 181 
22 182 
23 183 
24 184 
25 185 
26 186 
27 187 
28 188 
29 189 
30 190 
31 191 
32 192 
33 193 
34 194 
35 195 
36 196 
37 197 
38 198 
39 199 
40 200 
41 201 
42 202 
43 203 
44 204 
45 205 
46 206 
47 207 
48 208 
49 209 
50 210 
51 211 
52 212 
53 213 
54 214 
55 215 
56 216 
57 217 
58 218 
59 219 
60 220 
61 221 
62 222 
63 223 
64 224 
65 225 
66 226 
67 227 
68 228 
69 229 
70 230 
71 231 
72 232 
73 233 
74 234 
75 235 
76 236 
77 237 
78 238 
79 239 
80 240 
81 241 
82 242 
83 243 
84 244 
85 245 
86 246 
87 247 
88 248 
89 249 
90 250 
91 251 
92 252 
93 253 
94 254 
95 255 
96 256 
97 257 
98 258 
99 259 
100 260 
