1 197.21 
1.25 208.441 
3.05 106.026 
3.7 232.494 
4.5 -18.7789 
6 256.161 
6.8 166.867 
7.6 35.3785 
8.3 68.072 
9.2 187.036 
10.3 189.148 
12 89.3608 
12.6 135.785 
13.2 288.952 
15 137.054 
16.5 178.687 
16.7 242.612 
18 251.665 
18.4 190.326 
20 47.0028 
21.44 45.7473 
21.9 217.214 
23 122.444 
24.3 230.403 
25.2 71.3041 
26.6 223.807 
27.2 238.698 
28.4 219.201 
29.3 105.765 
30.2 161.477 
31.5 227.299 
32.3 61.3772 
33.4 135.385 
34.5 105.486 
35.6 277.323 
36.7 338.06 
37 255.24 
38.5 136.568 
39.3 217.799 
40.2 181.642 
41.0 130.912 
42.5 230.39 
43.2 212.016 
44.4 110.932 
50 170.424 
